99.9999999999999
137.317230844981
178.869365512642
225.136997283386
276.655259023599
334.020012549009
397.894740380953
469.018219605835
548.213066593855
636.395251405501
734.584691929726
843.917050285937
965.656867927343
1101.21219136669
1252.15085768597
1420.21862818881
1607.35937992995
1815.73758865765
2047.76336320743
2306.12032089570
2593.79662632109
2914.11955256894
3270.79396455522
3667.94516960923
4110.16663090630
4602.57309560563
5150.85975217477
5761.36810111638
6441.15930096005
7198.09583784122
8040.93246326005
8979.41745180926
10024.4053500209
11187.9825203887
12483.6069326122
13926.2638188925
15532.6389935930
17321.3118418871
19312.9702095043
21530.6496789961
